-2.5778597191e+03 7.4352655134e+03 -3.1235499458e-03 -8.7919737370e-01 -3.0153838507e-01 7.0600354304e+00
-2.6982209208e+03 7.2913355330e+03 1.2219122304e+03 -5.0309069284e-01 -1.3513292954e+00 6.9727496623e+00
-2.7520158569e+03 6.9675243899e+03 2.4136204656e+03 -1.1474762288e-01 -2.3673118006e+00 6.7131637830e+00
-2.7379562432e+03 6.4719186106e+03 3.5456943816e+03 2.7615839682e-01 -3.3242531259e+00 6.2879439101e+00
-2.6564411485e+03 5.8168615360e+03 4.5902307649e+03 6.5992586934e-01 -4.1985047575e+00 5.7079163320e+00
-2.5095396115e+03 5.0186246259e+03 5.5215462839e+03 1.0270796581e+00 -4.9686042291e+00 4.9877373056e+00
-2.3009302094e+03 4.0969810939e+03 6.3168071250e+03 1.3686105683e+00 -5.6157948231e+00 4.1454645294e+00
-2.0358008148e+03 3.0746972126e+03 6.9565773234e+03 1.6761929561e+00 -6.1244521240e+00 3.2020540560e+00
-1.7207127861e+03 1.9769578813e+03 7.4252749130e+03 1.9423758874e+00 -6.4824139787e+00 2.1808063147e+00
-1.3634343901e+03 8.3074307669e+02 7.7115289072e+03 2.1607459337e+00 -6.6812166244e+00 1.1067819350e+00
-9.7274839862e+02 -3.3582904409e+02 7.8084333145e+03 2.3260617099e+00 -6.7162435938e+00 6.2031698016e-03
-5.5823867325e+02 -1.4941779028e+03 7.7136966603e+03 2.4343614021e+00 -6.5867951072e+00 -1.0941487547e+00
-1.3006030274e+02 -2.6159418861e+03 7.4296868520e+03 2.4830447044e+00 -6.2960842570e+00 -2.1675347370e+00
3.0130233554e+02 -3.6736529639e+03 6.9633719243e+03 2.4709298836e+00 -5.8511631531e+00 -3.1878545359e+00
7.2528524342e+02 -4.6413923718e+03 6.3261576266e+03 2.3982854605e+00 -5.2627784950e+00 -4.1302366631e+00
1.1314976432e+03 -5.4954148174e+03 5.5336233940e+03 2.2668346387e+00 -4.5451530038e+00 -4.9716168057e+00
1.5099730164e+03 -6.2147279036e+03 4.6051593822e+03 2.0797296074e+00 -3.7156878460e+00 -5.6912961354e+00
1.8514128269e+03 -6.7816126758e+03 3.5635091612e+03 1.8414925410e+00 -2.7945822573e+00 -6.2714660472e+00
2.1474169015e+03 -7.1820708130e+03 2.4342253942e+03 1.5579207391e+00 -1.8043701084e+00 -6.6976815201e+00
2.3906941195e+03 -7.4061843940e+03 1.2450491934e+03 1.2359548832e+00 -7.6937868102e-01 -6.9592626000e+00
2.5752470727e+03 -7.4483756547e+03 2.5227454584e+01 8.8351164612e-01 2.8487849834e-01 -7.0496033461e+00
2.6965247953e+03 -7.3075567772e+03 -1.1952141268e+03 5.0928450065e-01 1.3323564576e+00 -6.9663703074e+00
2.7515385591e+03 -6.9871634134e+03 -2.3862219766e+03 1.2251910705e-01 2.3471577595e+00 -6.7115779962e+00
2.7389370199e+03 -6.4950700032e+03 -3.5184675555e+03 -2.6722833266e-01 3.3042093475e+00 -6.2915361546e+00
2.6590385753e+03 -5.8433895717e+03 -4.5640801211e+03 -6.5034022028e-01 4.1799108955e+00 -5.7166717378e+00
2.5138204727e+03 -5.0481650631e+03 -5.4973383822e+03 -1.0173845767e+00 4.9527310877e+00 -5.0012361803e+00
2.3068658145e+03 -4.1289629549e+03 -6.2953024752e+03 -1.3593512319e+00 5.6037333448e+00 -4.1629144752e+00
2.0432709735e+03 -3.1083825562e+03 -6.9383709045e+03 -1.6678702478e+00 6.1170189539e+00 -3.2223560284e+00
1.7295169518e+03 -2.0114959097e+03 -7.4107506462e+03 -1.9354078374e+00 6.4800821455e+00 -2.2026478039e+00
1.3733088441e+03 -8.6523366208e+02 -7.7008320355e+03 -2.1554372471e+00 6.6840771883e+00 -1.1287482107e+00
9.8338784236e+02 3.0226808780e+02 -7.8014629442e+03 -2.3225838411e+00 6.7240011278e+00 -2.6896289081e-02
5.6932025322e+02 1.4623457151e+03 -7.7101188889e+03 -2.4327446429e+00 6.5987968870e+00 1.0759937867e+00
1.4126792816e+02 2.5864972651e+03 -7.4289670973e+03 -2.4831827096e+00 6.3113802458e+00 2.1529467601e+00
-2.9025550644e+02 3.6470697971e+03 -6.9648234069e+03 -2.4725960399e+00 5.8685913806e+00 3.1775449116e+00
-7.1463808359e+02 4.6179315814e+03 -6.3290015500e+03 -2.4011595228e+00 5.2810683241e+00 4.1245469822e+00
-1.1214276861e+03 5.4751151534e+03 -5.5370553228e+03 -2.2705371745e+00 4.5630371368e+00 4.9705004325e+00
-1.5005895221e+03 6.1974162298e+03 -4.6084157234e+03 -2.0838610399e+00 3.7320128998e+00 5.6943355418e+00
-1.8427567651e+03 6.7669325921e+03 -3.5659275912e+03 -1.8456730595e+00 2.8084075148e+00 6.2779246431e+00
-2.1394676603e+03 7.1695267041e+03 -2.4352935974e+03 -1.5618271371e+00 1.8150448124e+00 6.7065852877e+00
-2.3833820748e+03 7.3951964640e+03 -1.2444373726e+03 -1.2393505752e+00 7.7659006942e-01 6.9695036533e+00
-2.5684705478e+03 7.4383403823e+03 -2.2801679867e+01 -8.8626673627e-01 -2.8109138271e-01 7.0600549991e+00
-2.6901694834e+03 7.2979066684e+03 1.1993987112e+03 -5.1138380012e-01 -1.3316245762e+00 6.9760017669e+00
-2.7454972236e+03 6.9774200203e+03 2.3919469707e+03 -1.2405731247e-01 -2.3488370215e+00 6.7195566929e+00
-2.7331272785e+03 6.4848849371e+03 3.5253930452e+03 2.6606365106e-01 -3.3074625498e+00 6.2973070709e+00
-2.6534168043e+03 5.8325695680e+03 4.5717976034e+03 6.4929581464e-01 -4.1838076126e+00 5.7200057219e+00
-2.5083903187e+03 5.0366789045e+03 5.5054290392e+03 1.0161758037e+00 -4.9563546885e+00 5.0022427690e+00
-2.3016804037e+03 4.1169299957e+03 6.3033945243e+03 1.3576996319e+00 -5.6062838591e+00 4.1620186687e+00
-2.0384285950e+03 3.0960444987e+03 6.9461899879e+03 1.6655404024e+00 -6.1179013413e+00 3.2202422368e+00
-1.7251506777e+03 1.9991751461e+03 7.4181580707e+03 1.9322396981e+00 -6.4789713993e+00 2.2001773722e+00
-1.3695711637e+03 8.5328276877e+02 7.7078470033e+03 2.1513707048e+00 -6.6809543036e+00 1.1268592435e+00
-9.8043188169e+02 -3.1352033426e+02 7.8082665585e+03 2.3176731368e+00 -6.7191569020e+00 2.6495838202e-02
-5.6727948284e+02 -1.4726461634e+03 7.7170395191e+03 2.4271611966e+00 -6.5928035209e+00 -1.0741347061e+00
-1.4023642165e+02 -2.5957126649e+03 7.4364484779e+03 2.4772059849e+00 -6.3050335469e+00 -2.1482852921e+00
2.9024022706e+02 -3.6552188464e+03 6.9733784982e+03 2.4665930998e+00 -5.8628289243e+00 -3.1698367392e+00
7.1360777999e+02 -4.6252011938e+03 6.3391565858e+03 2.3955549356e+00 -5.2768710961e+00 -4.1138878851e+00
1.1194902471e+03 -5.4818588527e+03 5.5492894991e+03 2.2657758394e+00 -4.5613238587e+00 -4.9573343457e+00
1.4979289684e+03 -6.2041342806e+03 4.6231025469e+03 2.0803672658e+00 -3.7335372579e+00 -5.6794273752e+00
1.8396260931e+03 -6.7742352777e+03 3.5832839239e+03 1.8438097521e+00 -2.8136686835e+00 -6.2622994548e+00
2.1361748966e+03 -7.1780839124e+03 2.4553418538e+03 1.5618591352e+00 -1.8242208151e+00 -6.6914388644e+00
2.3802705979e+03 -7.4056782452e+03 1.2669851647e+03 1.2414159456e+00 -7.8950156560e-01 -6.9560927608e+00
2.5658953476e+03 -7.4513542179e+03 4.7441534671e+01 8.9035915650e-01 2.6498224777e-01 -7.0495780718e+00
2.6884714786e+03 -7.3139376855e+03 -1.1732689440e+03 5.1734806992e-01 1.3131793026e+00 -6.9694821892e+00
2.7449779996e+03 -6.9967802072e+03 -2.3650845380e+03 1.3159865751e-01 2.3291728526e+00 -6.7177408007e+00
2.7340265908e+03 -6.5076765715e+03 -3.4986550495e+03 -2.5735730722e-01 3.2878581879e+00 -6.3005875080e+00
2.6558949288e+03 -5.8586666501e+03 -4.5460752393e+03 -6.3992082384e-01 4.1655920714e+00 -5.7283780034e+00
2.5125168418e+03 -5.0657285657e+03 -5.4815774987e+03 -1.0066723269e+00 4.9407904860e+00 -5.0152992439e+00
2.3074304050e+03 -4.1483738603e+03 -6.2821651451e+03 -1.3486077270e+00 5.5944560838e+00 -4.1789800694e+00
2.0456864564e+03 -3.1291580361e+03 -6.9281709132e+03 -1.6573568611e+00 6.1106231635e+00 -3.2400231948e+00
1.7337210399e+03 -2.0331213774e+03 -7.4037287747e+03 -1.9253795745e+00 6.4767145936e+00 -2.2214791143e+00
1.3791959134e+03 -8.8717542646e+02 -7.6971506448e+03 -2.1461368647e+00 6.6838106676e+00 -1.1482804311e+00
9.9081154909e+02 2.8054985808e+02 -7.8012024331e+03 -2.3142362948e+00 6.7268334684e+00 -4.6651257768e-02
5.7809708224e+02 1.4413839870e+03 -7.7132760512e+03 -2.4255519159e+00 6.6046514692e+00 1.0564982100e+00
1.5118160391e+02 2.5668053494e+03 -7.4354553814e+03 -2.4773190779e+00 6.3201079218e+00 2.1341857564e+00
-2.7944882944e+02 3.6291290105e+03 -6.9744750713e+03 -2.4682038454e+00 5.8799737793e+00 3.1599758342e+00
-7.0320394654e+02 4.6021796055e+03 -6.3415716954e+03 -2.3983455521e+00 5.2948225677e+00 4.1085986412e+00
-1.1096468838e+03 5.4619353396e+03 -5.5522277643e+03 -2.2693697664e+00 4.5788220307e+00 4.9565626767e+00
-1.4887512316e+03 6.1871281126e+03 -4.6258106302e+03 -2.0843680594e+00 3.7494366476e+00 5.6827493715e+00
-1.8311514068e+03 6.7597838757e+03 -3.5851107766e+03 -1.8478408733e+00 2.8270369523e+00 6.2689731730e+00
-2.1283796774e+03 7.1656869798e+03 -2.4557872777e+03 -1.5656007015e+00 1.8344160588e+00 6.7004859422e+00
-2.3730828286e+03 7.3947528853e+03 -1.2657321466e+03 -1.2446346989e+00 7.9622036501e-01 6.9664019949e+00
-2.5592115359e+03 7.4412954758e+03 -4.4369411197e+01 -8.9292852066e-01 -2.6169100733e-01 7.0600205529e+00
-2.6821760796e+03 7.3041783862e+03 1.1780914786e+03 -5.1925618749e-01 -1.3129362619e+00 6.9790261104e+00
-2.7389631212e+03 6.9868440523e+03 2.3714254738e+03 -1.3294360679e-01 -2.3313231978e+00 6.7255539444e+00
-2.7282097906e+03 6.4972192102e+03 3.5061610550e+03 2.5638447981e-01 -3.2915537383e+00 6.3061167490e+00
-2.6502331383e+03 5.8475007698e+03 4.5543248692e+03 6.3906326428e-01 -4.1698913954e+00 5.7313977924e+00
-2.5070149017e+03 5.0538307949e+03 5.4901397776e+03 1.0056416413e+00 -4.9447662171e+00 5.0159245650e+00
-2.3021432990e+03 4.1358732159e+03 6.2906572460e+03 1.3471215773e+00 -5.5972981458e+00 4.1776432903e+00
-2.0407150133e+03 3.1163075561e+03 6.9363088815e+03 1.6551758738e+00 -6.1117274332e+00 3.2374180089e+00
-1.7292015587e+03 2.0202562503e+03 7.4113660940e+03 1.9223397584e+00 -6.4757484095e+00 2.2184779686e+00
-1.3752847863e+03 8.7466220238e+02 7.7043007679e+03 2.1421743035e+00 -6.6807491848e+00 1.1458341587e+00
-9.8766644352e+02 -2.9236759667e+02 7.8080430477e+03 2.3094017101e+00 -6.7219638054e+00 4.5680979138e-02
-5.7585658472e+02 -1.4522378524e+03 7.7201346460e+03 2.4200136700e+00 -6.5985445911e+00 -1.0552064457e+00
-1.4994538182e+02 -2.5765468677e+03 7.4427774745e+03 2.4713542226e+00 -6.3135610448e+00 -2.1300735456e+00
2.7963731066e+02 -3.6377621390e+03 6.9827781162e+03 2.4621778613e+00 -5.8739286324e+00 -3.1527833154e+00
7.0237031442e+02 -4.6098774769e+03 6.3513890801e+03 2.3926824208e+00 -5.2902670208e+00 -4.0984066152e+00
1.1078928876e+03 -5.4690391217e+03 5.5640483505e+03 2.2645149296e+00 -4.5766842785e+00 -4.9438012499e+00
1.4862549512e+03 -6.1941275658e+03 4.6400198520e+03 2.0807475812e+00 -3.7504821620e+00 -5.6681713502e+00
1.8281603105e+03 -6.7672810004e+03 3.6019393382e+03 1.8458206473e+00 -2.8317786004e+00 -6.2535937629e+00
2.1251968862e+03 -7.1743458888e+03 2.4752729200e+03 1.5654497324e+00 -1.8430469412e+00 -6.6854937671e+00
2.3700476334e+03 -7.4052405508e+03 1.2876987951e+03 1.2464962670e+00 -8.0857699570e-01 -6.9530496582e+00
2.5566758215e+03 -7.4542190772e+03 6.8426357227e+01 8.9680236168e-01 2.4613050455e-01 -7.0495054827e+00
