0.0000000000e+00
1.7379273287e+02
3.4758546574e+02
5.2137819861e+02
6.9517093148e+02
8.6896366435e+02
1.0427563972e+03
1.2165491301e+03
1.3903418630e+03
1.5641345958e+03
1.7379273287e+03
1.9117200616e+03
2.0855127944e+03
2.2593055273e+03
2.4330982602e+03
2.6068909931e+03
2.7806837259e+03
2.9544764588e+03
3.1282691917e+03
3.3020619245e+03
3.4758546574e+03
3.6496473903e+03
3.8234401231e+03
3.9972328560e+03
4.1710255889e+03
4.3448183218e+03
4.5186110546e+03
4.6924037875e+03
4.8661965204e+03
5.0399892532e+03
5.2137819861e+03
5.3875747190e+03
5.5613674518e+03
5.7351601847e+03
5.9089529176e+03
6.0827456505e+03
6.2565383833e+03
6.4303311162e+03
6.6041238491e+03
6.7779165819e+03
6.9517093148e+03
7.1255020477e+03
7.2992947805e+03
7.4730875134e+03
7.6468802463e+03
7.8206729792e+03
7.9944657120e+03
8.1682584449e+03
8.3420511778e+03
8.5158439106e+03
8.6896366435e+03
8.8634293764e+03
9.0372221093e+03
9.2110148421e+03
9.3848075750e+03
9.5586003079e+03
9.7323930407e+03
9.9061857736e+03
1.0079978506e+04
1.0253771239e+04
1.0427563972e+04
1.0601356705e+04
1.0775149438e+04
1.0948942171e+04
1.1122734904e+04
1.1296527637e+04
1.1470320369e+04
1.1644113102e+04
1.1817905835e+04
1.1991698568e+04
1.2165491301e+04
1.2339284034e+04
1.2513076767e+04
1.2686869500e+04
1.2860662232e+04
1.3034454965e+04
1.3208247698e+04
1.3382040431e+04
1.3555833164e+04
1.3729625897e+04
1.3903418630e+04
1.4077211362e+04
1.4251004095e+04
1.4424796828e+04
1.4598589561e+04
1.4772382294e+04
1.4946175027e+04
1.5119967760e+04
1.5293760493e+04
1.5467553225e+04
1.5641345958e+04
1.5815138691e+04
1.5988931424e+04
1.6162724157e+04
1.6336516890e+04
1.6510309623e+04
1.6684102356e+04
1.6857895088e+04
1.7031687821e+04
1.7205480554e+04
1.7379273287e+04
