-2.5780257873e+03 7.4354699101e+03 6.7328728497e-01 -8.7897928554e-01 -3.0212648378e-01 7.0599109417e+00
-2.6983502448e+03 7.2914442292e+03 1.2225592102e+03 -5.0288702375e-01 -1.3518406914e+00 6.9725388782e+00
-2.7521114735e+03 6.9675515332e+03 2.4142248465e+03 -1.1456423934e-01 -2.3677378709e+00 6.7128879478e+00
-2.7380220776e+03 6.4718794401e+03 3.5462467555e+03 2.7631715674e-01 -3.3245899148e+00 6.2876248691e+00
-2.6564817414e+03 5.8167715860e+03 4.5907254969e+03 6.6005726639e-01 -4.1987527717e+00 5.7075754985e+00
-2.5095598409e+03 5.0184989830e+03 5.5219813550e+03 1.0271825397e+00 -4.9687680355e+00 4.9873947334e+00
-2.3009350217e+03 4.0968337373e+03 6.3171838252e+03 1.3686852824e+00 -5.6158824926e+00 4.1451381318e+00
-2.0357949755e+03 3.0745404620e+03 6.9568998248e+03 1.6762412056e+00 -6.1244745688e+00 3.2017589966e+00
-1.7207006607e+03 1.9768019651e+03 7.4255497515e+03 1.9424005389e+00 -6.4823842320e+00 2.1805545792e+00
-1.3634197606e+03 8.3059582711e+02 7.7117644062e+03 2.1607507976e+00 -6.6811491057e+00 1.1065820782e+00
-9.7273431981e+02 -3.3596236926e+02 7.8086389780e+03 2.3260513056e+00 -6.7161533945e+00 6.0602224345e-03
-5.5822736997e+02 -1.4942946780e+03 7.7138825630e+03 2.4343407209e+00 -6.5866973224e+00 -1.0942332415e+00
-1.3005310829e+02 -2.6160420653e+03 7.4298630463e+03 2.4830189775e+00 -6.2959933791e+00 -2.1675625331e+00
3.0130500189e+02 -3.6737389277e+03 6.9635478842e+03 2.4709043632e+00 -5.8510925355e+00 -3.1878304828e+00
7.2528386203e+02 -4.6414686886e+03 6.3263417404e+03 2.3982652151e+00 -5.2627398888e+00 -4.1301683527e+00
1.1314935457e+03 -5.4954879298e+03 5.5338225186e+03 2.2668243673e+00 -4.5451561667e+00 -4.9715142025e+00
1.5099683068e+03 -6.2148057529e+03 4.6053784670e+03 2.0797334713e+00 -3.7157402223e+00 -5.6911711549e+00
1.8514102747e+03 -6.7817042776e+03 3.5637509479e+03 1.8415140157e+00 -2.7946887267e+00 -6.2713320985e+00
2.1474198110e+03 -7.1821857941e+03 2.4344901997e+03 1.5579624851e+00 -1.8045328042e+00 -6.6975530191e+00
2.3907061789e+03 -7.4063325049e+03 1.2453347784e+03 1.2360186390e+00 -7.6959687739e-01 -6.9591544603e+00
2.5752721855e+03 -7.4485662677e+03 2.5528982599e+01 8.8359814263e-01 2.8460842808e-01 -7.0495304535e+00
2.6965669003e+03 -7.3077983840e+03 -1.1949040381e+03 5.0939340035e-01 1.3320410089e+00 -6.9663469837e+00
2.7516014405e+03 -6.9874631346e+03 -2.3859131105e+03 1.2264896873e-01 2.3468061883e+00 -6.7116174620e+00
2.7390241149e+03 -6.4954331242e+03 -3.5181718587e+03 -2.6708006095e-01 3.3038334842e+00 -6.2916499989e+00
2.6591527826e+03 -5.8438191165e+03 -4.5638113753e+03 -6.5017717842e-01 4.1795248784e+00 -5.7168694056e+00
2.5139639675e+03 -5.0486614228e+03 -5.4971117890e+03 -1.0172114380e+00 4.9523510163e+00 -5.0015244891e+00
2.3070398761e+03 -4.1295235826e+03 -6.2951341605e+03 -1.3591736154e+00 5.6033768529e+00 -4.1632971736e+00
2.0434758311e+03 -3.1090017430e+03 -6.9382773502e+03 -1.6676945958e+00 6.1167047044e+00 -3.2228334100e+00
1.7297516546e+03 -2.0121646553e+03 -7.4107480618e+03 -1.9352412576e+00 6.4798292490e+00 -2.2032163925e+00
1.3735711621e+03 -8.6593965289e+02 -7.7009356816e+03 -2.1552873183e+00 6.6839045524e+00 -1.1294005330e+00
9.8367420383e+02 3.0154038251e+02 -7.8016864257e+03 -2.3224583831e+00 6.7239267425e+00 -2.7620755141e-02
5.6962572547e+02 1.4616148179e+03 -7.7104734383e+03 -2.4326514511e+00 6.5988370620e+00 1.0752128737e+00
1.4158624710e+02 2.5857843294e+03 -7.4294608728e+03 -2.4831292590e+00 6.3115488161e+00 2.1521290429e+00
-2.8993185300e+02 3.6463981079e+03 -6.9654608330e+03 -2.4725891637e+00 5.8688989102e+00 3.1767136447e+00
-7.1431771543e+02 4.6173259198e+03 -6.3297827321e+03 -2.4012050776e+00 5.2815213424e+00 4.1237285078e+00
-1.1211201316e+03 5.4746010342e+03 -5.5379755710e+03 -2.2706397044e+00 4.5636374538e+00 4.9697234595e+00
-1.5003049620e+03 6.1970190306e+03 -4.6094652176e+03 -2.0840234593e+00 3.7327570494e+00 5.6936302321e+00
-1.8425057245e+03 6.7666766009e+03 -3.5670912204e+03 -1.8458963747e+00 2.8092863782e+00 6.2773215290e+00
-2.1392606571e+03 7.1694341202e+03 -2.4365509994e+03 -1.5621102285e+00 1.8160434684e+00 6.7061140600e+00
-2.3832292370e+03 7.3952863956e+03 -1.2457631910e+03 -1.2396900602e+00 7.7768790663e-01 6.9691918780e+00
-2.5683812152e+03 7.4386278871e+03 -2.4166045374e+01 -8.8665692879e-01 -2.7992027486e-01 7.0599268336e+00
-2.6901518112e+03 7.2984018870e+03 1.1980294815e+03 -5.1181677574e-01 -1.3304107403e+00 6.9760767520e+00
-2.7455578073e+03 6.9781274476e+03 2.3906094765e+03 -1.2452308081e-01 -2.3476147155e+00 6.7198486947e+00
-2.7332708166e+03 6.4858028713e+03 3.5241257401e+03 2.6557687404e-01 -3.3062686265e+00 6.2978234374e+00
-2.6536458170e+03 5.8336897680e+03 4.5706396072e+03 6.4880124893e-01 -4.1826802563e+00 5.7207467008e+00
-2.5087049343e+03 5.0379864739e+03 5.5044188744e+03 1.0156876820e+00 -4.9553320759e+00 5.0032012123e+00
-2.3020782222e+03 4.1184035019e+03 6.3025688261e+03 1.3572327338e+00 -5.6054028134e+00 4.1631800282e+00
-2.0389046357e+03 3.0976563212e+03 6.9455822378e+03 1.6651095688e+00 -6.1171960385e+00 3.2215848364e+00
-1.7256974104e+03 2.0008920425e+03 7.4177973997e+03 1.9318593466e+00 -6.4784721762e+00 2.2016729269e+00
-1.3701786232e+03 8.5506663542e+02 7.7077571038e+03 2.1510543637e+00 -6.6806866020e+00 1.1284735907e+00
-9.8108786089e+02 -3.1171153105e+02 7.8084647398e+03 2.3174330100e+00 -6.7191403717e+00 2.8189842534e-02
-5.6796979769e+02 -1.4708573152e+03 7.7175359314e+03 2.4270077687e+00 -6.5930512950e+00 -1.0724041082e+00
-1.4094524086e+02 -2.5939903386e+03 7.4372455289e+03 2.4771476742e+00 -6.3055516969e+00 -2.1465639396e+00
2.8952999655e+02 -3.6536100230e+03 6.9744704771e+03 2.4666359641e+00 -5.8636161011e+00 -3.1681720103e+00
7.1291406141e+02 -4.6237519616e+03 6.3405295072e+03 2.3957024368e+00 -5.2779183634e+00 -4.1123274042e+00
1.1188313269e+03 -5.4806130885e+03 5.5509211756e+03 2.2660286730e+00 -4.5626147259e+00 -4.9559246582e+00
1.4973230057e+03 -6.2031323545e+03 4.6249628918e+03 2.0807232607e+00 -3.7350479185e+00 -5.6782126206e+00
1.8390906184e+03 -6.7735128176e+03 3.5853354826e+03 1.8442638482e+00 -2.8153684627e+00 -6.2613200732e+00
2.1357263135e+03 -7.1776706642e+03 2.4575405542e+03 1.5624034406e+00 -1.8260728207e+00 -6.6907303749e+00
2.3799237019e+03 -7.4055970625e+03 1.2692812705e+03 1.2420398767e+00 -7.9146353108e-01 -6.9556846536e+00
2.5656628763e+03 -7.4516202139e+03 4.9780778933e+01 8.9104965610e-01 2.6295695275e-01 -7.0494928527e+00
2.6883637059e+03 -7.3145575723e+03 -1.1709440753e+03 5.1808989849e-01 1.3111405264e+00 -6.9697346088e+00
2.7450023864e+03 -6.9977518435e+03 -2.3628334064e+03 1.3237474590e-01 2.3271724199e+00 -6.7183372938e+00
2.7341875014e+03 -6.5089887314e+03 -3.4965373858e+03 -2.5656545605e-01 3.2859486044e+00 -6.3015258518e+00
2.6561934203e+03 -5.8602990178e+03 -4.5441496253e+03 -6.3913269861e-01 4.1638252166e+00 -5.7296471955e+00
2.5129505310e+03 -5.0676519572e+03 -5.4798998460e+03 -1.0059079509e+00 4.9392163267e+00 -5.0168795884e+00
2.3079934160e+03 -4.1505506641e+03 -6.2807872055e+03 -1.3478871920e+00 5.5931214380e+00 -4.1808434524e+00
2.0463694497e+03 -3.1315428630e+03 -6.9271388520e+03 -1.6566998602e+00 6.1095705276e+00 -3.2421335287e+00
1.7345113214e+03 -2.0356619086e+03 -7.4030818348e+03 -1.9248049395e+00 6.4759810420e+00 -2.2237929329e+00
1.3800776243e+03 -8.8981344566e+02 -7.6969199259e+03 -2.1456621099e+00 6.6834268260e+00 -1.1507476259e+00
9.9176593381e+02 2.7787725946e+02 -7.8014098117e+03 -2.3138771671e+00 6.7268225607e+00 -4.9215952607e-02
5.7910283417e+02 1.4387430466e+03 -7.7139332647e+03 -2.4253219524e+00 6.6050284434e+00 1.0538966362e+00
1.5221528725e+02 2.5642641263e+03 -7.4365633039e+03 -2.4772291738e+00 6.3208786709e+00 2.1316114849e+00
-2.7841228424e+02 3.6267557525e+03 -6.9760232106e+03 -2.4682618402e+00 5.8811344851e+00 3.1574952447e+00
-7.0219067798e+02 4.6000410159e+03 -6.3435379429e+03 -2.3985558478e+00 5.2963592113e+00 4.1062787634e+00
-1.1086834723e+03 5.4600947778e+03 -5.5545784293e+03 -2.2697329975e+00 4.5807101236e+00 4.9544694644e+00
-1.4878640213e+03 6.1856437705e+03 -4.6285007885e+03 -2.0848808385e+00 3.7516412435e+00 5.6809458257e+00
-1.8303657921e+03 6.7587069859e+03 -3.5880849540e+03 -1.8484956401e+00 2.8295129949e+00 6.2675173695e+00
-2.1277193730e+03 7.1650601153e+03 -2.4589804795e+03 -1.5663856982e+00 1.8371091057e+00 6.6994290406e+00
-2.3725691490e+03 7.3946084200e+03 -1.2690712271e+03 -1.2455340938e+00 7.9906770624e-01 6.9657863280e+00
-2.5588627094e+03 7.4416542728e+03 -4.7774761665e+01 -8.9392268813e-01 -2.5875884892e-01 7.0598779015e+00
-2.6820066244e+03 7.3050487768e+03 1.1747039669e+03 -5.2032214506e-01 -1.3099936934e+00 6.9793762696e+00
-2.7389833108e+03 6.9882211590e+03 2.3681422286e+03 -1.3405559493e-01 -2.3284474559e+00 6.7264036684e+00
-2.7284252303e+03 6.4990846496e+03 3.5030684971e+03 2.5525429913e-01 -3.2888226225e+00 6.3074591395e+00
-2.6506444709e+03 5.8498227573e+03 4.5515070205e+03 6.3794402301e-01 -4.1673809410e+00 5.7332121594e+00
-2.5076176552e+03 5.0565646511e+03 5.4876758868e+03 1.0045629317e+00 -4.9425484135e+00 5.0181767585e+00
-2.3029278797e+03 4.1389622584e+03 6.2886195095e+03 1.3461126058e+00 -5.5954387937e+00 4.1802864684e+00
-2.0416668451e+03 3.1196843461e+03 6.9347603330e+03 1.6542646356e+00 -6.1102842137e+00 3.2403937875e+00
-1.7303013625e+03 2.0238441530e+03 7.4103587219e+03 1.9215522583e+00 -6.4747692137e+00 2.2217178875e+00
-1.3765089886e+03 8.7837721316e+02 7.7038739096e+03 2.1415338424e+00 -6.6802707312e+00 1.1492613962e+00
-9.8898770304e+02 -2.8861481237e+02 7.8082220998e+03 2.3089282477e+00 -6.7220105551e+00 4.9212254874e-02
-5.7724442243e+02 -1.4485397561e+03 7.7209301177e+03 2.4197232714e+00 -6.5991279621e+00 -1.0516588255e+00
-1.5136689934e+02 -2.5729967342e+03 7.4441844058e+03 2.4712585945e+00 -6.3146789240e+00 -2.1265995401e+00
2.7821663985e+02 -3.6344516845e+03 6.9847758768e+03 2.4622839807e+00 -5.8755651893e+00 -3.1494729264e+00
7.0098579818e+02 -4.6068944811e+03 6.3539415583e+03 2.3929922664e+00 -5.2923928338e+00 -4.0953476207e+00
1.1065797310e+03 -5.4664651002e+03 5.5671045376e+03 2.2650253238e+00 -4.5792567862e+00 -4.9410769300e+00
1.4850473556e+03 -6.1920355507e+03 4.6435148191e+03 2.0814501559e+00 -3.7534464563e+00 -5.6658582526e+00
1.8270905781e+03 -6.7657334881e+03 3.6057955936e+03 1.8467019431e+00 -2.8350685669e+00 -6.2517595699e+00
2.1242945540e+03 -7.1733930168e+03 2.4794021233e+03 1.5664914388e+00 -1.8465867402e+00 -6.6841953344e+00
2.3693386612e+03 -7.4049185589e+03 1.2920037921e+03 1.2476756055e+00 -8.1228285690e-01 -6.9523313021e+00
2.5561818590e+03 -7.4545491053e+03 7.2803484652e+01 8.9809260413e-01 2.4234822100e-01 -7.0493975877e+00
