0.0000000000e+00
2.0855127944e+01
4.1710255889e+01
6.2565383833e+01
8.3420511778e+01
1.0427563972e+02
1.2513076767e+02
1.4598589561e+02
1.6684102356e+02
1.8769615150e+02
2.0855127944e+02
2.2940640739e+02
2.5026153533e+02
2.7111666328e+02
2.9197179122e+02
3.1282691917e+02
3.3368204711e+02
3.5453717506e+02
3.7539230300e+02
3.9624743094e+02
4.1710255889e+02
4.3795768683e+02
4.5881281478e+02
4.7966794272e+02
5.0052307067e+02
5.2137819861e+02
5.4223332656e+02
5.6308845450e+02
5.8394358244e+02
6.0479871039e+02
6.2565383833e+02
6.4650896628e+02
6.6736409422e+02
6.8821922217e+02
7.0907435011e+02
7.2992947805e+02
7.5078460600e+02
7.7163973394e+02
7.9249486189e+02
8.1334998983e+02
8.3420511778e+02
8.5506024572e+02
8.7591537367e+02
8.9677050161e+02
9.1762562955e+02
9.3848075750e+02
9.5933588544e+02
9.8019101339e+02
1.0010461413e+03
1.0219012693e+03
1.0427563972e+03
1.0636115252e+03
1.0844666531e+03
1.1053217811e+03
1.1261769090e+03
1.1470320369e+03
1.1678871649e+03
1.1887422928e+03
1.2095974208e+03
1.2304525487e+03
1.2513076767e+03
1.2721628046e+03
1.2930179326e+03
1.3138730605e+03
1.3347281884e+03
1.3555833164e+03
1.3764384443e+03
1.3972935723e+03
1.4181487002e+03
1.4390038282e+03
1.4598589561e+03
1.4807140841e+03
1.5015692120e+03
1.5224243399e+03
1.5432794679e+03
1.5641345958e+03
1.5849897238e+03
1.6058448517e+03
1.6266999797e+03
1.6475551076e+03
1.6684102356e+03
1.6892653635e+03
1.7101204914e+03
1.7309756194e+03
1.7518307473e+03
1.7726858753e+03
1.7935410032e+03
1.8143961312e+03
1.8352512591e+03
1.8561063871e+03
1.8769615150e+03
1.8978166429e+03
1.9186717709e+03
1.9395268988e+03
1.9603820268e+03
1.9812371547e+03
2.0020922827e+03
2.0229474106e+03
2.0438025386e+03
2.0646576665e+03
2.0855127944e+03
2.1063679224e+03
2.1272230503e+03
2.1480781783e+03
2.1689333062e+03
2.1897884342e+03
2.2106435621e+03
2.2314986901e+03
2.2523538180e+03
2.2732089459e+03
2.2940640739e+03
2.3149192018e+03
2.3357743298e+03
2.3566294577e+03
2.3774845857e+03
2.3983397136e+03
2.4191948416e+03
2.4400499695e+03
2.4609050974e+03
2.4817602254e+03
2.5026153533e+03
2.5234704813e+03
2.5443256092e+03
2.5651807372e+03
2.5860358651e+03
2.6068909931e+03
2.6277461210e+03
2.6486012489e+03
2.6694563769e+03
2.6903115048e+03
2.7111666328e+03
2.7320217607e+03
2.7528768887e+03
2.7737320166e+03
2.7945871446e+03
2.8154422725e+03
2.8362974004e+03
2.8571525284e+03
2.8780076563e+03
2.8988627843e+03
2.9197179122e+03
2.9405730402e+03
2.9614281681e+03
2.9822832961e+03
3.0031384240e+03
3.0239935519e+03
3.0448486799e+03
3.0657038078e+03
3.0865589358e+03
3.1074140637e+03
3.1282691917e+03
3.1491243196e+03
3.1699794476e+03
3.1908345755e+03
3.2116897034e+03
3.2325448314e+03
3.2533999593e+03
3.2742550873e+03
3.2951102152e+03
3.3159653432e+03
3.3368204711e+03
3.3576755991e+03
3.3785307270e+03
3.3993858549e+03
3.4202409829e+03
3.4410961108e+03
3.4619512388e+03
3.4828063667e+03
3.5036614947e+03
3.5245166226e+03
3.5453717506e+03
3.5662268785e+03
3.5870820064e+03
3.6079371344e+03
3.6287922623e+03
3.6496473903e+03
3.6705025182e+03
3.6913576462e+03
3.7122127741e+03
3.7330679021e+03
3.7539230300e+03
3.7747781579e+03
3.7956332859e+03
3.8164884138e+03
3.8373435418e+03
3.8581986697e+03
3.8790537977e+03
3.8999089256e+03
3.9207640536e+03
3.9416191815e+03
3.9624743094e+03
3.9833294374e+03
4.0041845653e+03
4.0250396933e+03
4.0458948212e+03
4.0667499492e+03
4.0876050771e+03
4.1084602051e+03
4.1293153330e+03
4.1501704609e+03
4.1710255889e+03
4.1918807168e+03
4.2127358448e+03
4.2335909727e+03
4.2544461007e+03
4.2753012286e+03
4.2961563566e+03
4.3170114845e+03
4.3378666124e+03
4.3587217404e+03
4.3795768683e+03
4.4004319963e+03
4.4212871242e+03
4.4421422522e+03
4.4629973801e+03
4.4838525081e+03
4.5047076360e+03
4.5255627639e+03
4.5464178919e+03
4.5672730198e+03
4.5881281478e+03
4.6089832757e+03
4.6298384037e+03
4.6506935316e+03
4.6715486596e+03
4.6924037875e+03
4.7132589154e+03
4.7341140434e+03
4.7549691713e+03
4.7758242993e+03
4.7966794272e+03
4.8175345552e+03
4.8383896831e+03
4.8592448111e+03
4.8800999390e+03
4.9009550669e+03
4.9218101949e+03
4.9426653228e+03
4.9635204508e+03
4.9843755787e+03
5.0052307067e+03
5.0260858346e+03
5.0469409626e+03
5.0677960905e+03
5.0886512184e+03
5.1095063464e+03
5.1303614743e+03
5.1512166023e+03
5.1720717302e+03
5.1929268582e+03
5.2137819861e+03
5.2346371141e+03
5.2554922420e+03
5.2763473699e+03
5.2972024979e+03
5.3180576258e+03
5.3389127538e+03
5.3597678817e+03
5.3806230097e+03
5.4014781376e+03
5.4223332656e+03
5.4431883935e+03
5.4640435214e+03
5.4848986494e+03
5.5057537773e+03
5.5266089053e+03
5.5474640332e+03
5.5683191612e+03
5.5891742891e+03
5.6100294171e+03
5.6308845450e+03
5.6517396729e+03
5.6725948009e+03
5.6934499288e+03
5.7143050568e+03
5.7351601847e+03
5.7560153127e+03
5.7768704406e+03
5.7977255686e+03
5.8185806965e+03
5.8394358244e+03
5.8602909524e+03
5.8811460803e+03
5.9020012083e+03
5.9228563362e+03
5.9437114642e+03
5.9645665921e+03
5.9854217201e+03
6.0062768480e+03
6.0271319759e+03
6.0479871039e+03
6.0688422318e+03
6.0896973598e+03
6.1105524877e+03
6.1314076157e+03
6.1522627436e+03
6.1731178716e+03
6.1939729995e+03
6.2148281274e+03
6.2356832554e+03
6.2565383833e+03
6.2773935113e+03
6.2982486392e+03
6.3191037672e+03
6.3399588951e+03
6.3608140231e+03
6.3816691510e+03
6.4025242789e+03
6.4233794069e+03
6.4442345348e+03
6.4650896628e+03
6.4859447907e+03
6.5067999187e+03
6.5276550466e+03
6.5485101746e+03
6.5693653025e+03
6.5902204304e+03
6.6110755584e+03
6.6319306863e+03
6.6527858143e+03
6.6736409422e+03
6.6944960702e+03
6.7153511981e+03
6.7362063261e+03
6.7570614540e+03
6.7779165819e+03
6.7987717099e+03
6.8196268378e+03
6.8404819658e+03
6.8613370937e+03
6.8821922217e+03
6.9030473496e+03
6.9239024776e+03
6.9447576055e+03
6.9656127334e+03
6.9864678614e+03
7.0073229893e+03
7.0281781173e+03
7.0490332452e+03
7.0698883732e+03
7.0907435011e+03
7.1115986290e+03
7.1324537570e+03
7.1533088849e+03
7.1741640129e+03
7.1950191408e+03
7.2158742688e+03
7.2367293967e+03
7.2575845247e+03
7.2784396526e+03
7.2992947805e+03
7.3201499085e+03
7.3410050364e+03
7.3618601644e+03
7.3827152923e+03
7.4035704203e+03
7.4244255482e+03
7.4452806762e+03
7.4661358041e+03
7.4869909320e+03
7.5078460600e+03
7.5287011879e+03
7.5495563159e+03
7.5704114438e+03
7.5912665718e+03
7.6121216997e+03
7.6329768277e+03
7.6538319556e+03
7.6746870835e+03
7.6955422115e+03
7.7163973394e+03
7.7372524674e+03
7.7581075953e+03
7.7789627233e+03
7.7998178512e+03
7.8206729792e+03
7.8415281071e+03
7.8623832350e+03
7.8832383630e+03
7.9040934909e+03
7.9249486189e+03
7.9458037468e+03
7.9666588748e+03
7.9875140027e+03
8.0083691307e+03
8.0292242586e+03
8.0500793865e+03
8.0709345145e+03
8.0917896424e+03
8.1126447704e+03
8.1334998983e+03
8.1543550263e+03
8.1752101542e+03
8.1960652822e+03
8.2169204101e+03
8.2377755380e+03
8.2586306660e+03
8.2794857939e+03
8.3003409219e+03
8.3211960498e+03
8.3420511778e+03
8.3629063057e+03
8.3837614337e+03
8.4046165616e+03
8.4254716895e+03
8.4463268175e+03
8.4671819454e+03
8.4880370734e+03
8.5088922013e+03
8.5297473293e+03
8.5506024572e+03
8.5714575852e+03
8.5923127131e+03
8.6131678410e+03
8.6340229690e+03
8.6548780969e+03
8.6757332249e+03
8.6965883528e+03
8.7174434808e+03
8.7382986087e+03
8.7591537367e+03
8.7800088646e+03
8.8008639925e+03
8.8217191205e+03
8.8425742484e+03
8.8634293764e+03
8.8842845043e+03
8.9051396323e+03
8.9259947602e+03
8.9468498882e+03
8.9677050161e+03
8.9885601440e+03
9.0094152720e+03
9.0302703999e+03
9.0511255279e+03
9.0719806558e+03
9.0928357838e+03
9.1136909117e+03
9.1345460397e+03
9.1554011676e+03
9.1762562955e+03
9.1971114235e+03
9.2179665514e+03
9.2388216794e+03
9.2596768073e+03
9.2805319353e+03
9.3013870632e+03
9.3222421912e+03
9.3430973191e+03
9.3639524470e+03
9.3848075750e+03
9.4056627029e+03
9.4265178309e+03
9.4473729588e+03
9.4682280868e+03
9.4890832147e+03
9.5099383427e+03
9.5307934706e+03
9.5516485985e+03
9.5725037265e+03
9.5933588544e+03
9.6142139824e+03
9.6350691103e+03
9.6559242383e+03
9.6767793662e+03
9.6976344942e+03
9.7184896221e+03
9.7393447500e+03
9.7601998780e+03
9.7810550059e+03
9.8019101339e+03
9.8227652618e+03
9.8436203898e+03
9.8644755177e+03
9.8853306457e+03
9.9061857736e+03
9.9270409015e+03
9.9478960295e+03
9.9687511574e+03
9.9896062854e+03
1.0010461413e+04
1.0031316541e+04
1.0052171669e+04
1.0073026797e+04
1.0093881925e+04
1.0114737053e+04
1.0135592181e+04
1.0156447309e+04
1.0177302437e+04
1.0198157565e+04
1.0219012693e+04
1.0239867821e+04
1.0260722949e+04
1.0281578077e+04
1.0302433205e+04
1.0323288332e+04
1.0344143460e+04
1.0364998588e+04
1.0385853716e+04
1.0406708844e+04
1.0427563972e+04
1.0448419100e+04
1.0469274228e+04
1.0490129356e+04
1.0510984484e+04
1.0531839612e+04
1.0552694740e+04
1.0573549868e+04
1.0594404996e+04
1.0615260124e+04
1.0636115252e+04
1.0656970380e+04
1.0677825508e+04
1.0698680635e+04
1.0719535763e+04
1.0740390891e+04
1.0761246019e+04
1.0782101147e+04
1.0802956275e+04
1.0823811403e+04
1.0844666531e+04
1.0865521659e+04
1.0886376787e+04
1.0907231915e+04
1.0928087043e+04
1.0948942171e+04
1.0969797299e+04
1.0990652427e+04
1.1011507555e+04
1.1032362683e+04
1.1053217811e+04
1.1074072938e+04
1.1094928066e+04
1.1115783194e+04
1.1136638322e+04
1.1157493450e+04
1.1178348578e+04
1.1199203706e+04
1.1220058834e+04
1.1240913962e+04
1.1261769090e+04
1.1282624218e+04
1.1303479346e+04
1.1324334474e+04
1.1345189602e+04
1.1366044730e+04
1.1386899858e+04
1.1407754986e+04
1.1428610114e+04
1.1449465241e+04
1.1470320369e+04
1.1491175497e+04
1.1512030625e+04
1.1532885753e+04
1.1553740881e+04
1.1574596009e+04
1.1595451137e+04
1.1616306265e+04
1.1637161393e+04
1.1658016521e+04
1.1678871649e+04
1.1699726777e+04
1.1720581905e+04
1.1741437033e+04
1.1762292161e+04
1.1783147289e+04
1.1804002417e+04
1.1824857544e+04
1.1845712672e+04
1.1866567800e+04
1.1887422928e+04
1.1908278056e+04
1.1929133184e+04
1.1949988312e+04
1.1970843440e+04
1.1991698568e+04
1.2012553696e+04
1.2033408824e+04
1.2054263952e+04
1.2075119080e+04
1.2095974208e+04
1.2116829336e+04
1.2137684464e+04
1.2158539592e+04
1.2179394720e+04
1.2200249847e+04
1.2221104975e+04
1.2241960103e+04
1.2262815231e+04
1.2283670359e+04
1.2304525487e+04
1.2325380615e+04
1.2346235743e+04
1.2367090871e+04
1.2387945999e+04
1.2408801127e+04
1.2429656255e+04
1.2450511383e+04
1.2471366511e+04
1.2492221639e+04
1.2513076767e+04
1.2533931895e+04
1.2554787023e+04
1.2575642150e+04
1.2596497278e+04
1.2617352406e+04
1.2638207534e+04
1.2659062662e+04
1.2679917790e+04
1.2700772918e+04
1.2721628046e+04
1.2742483174e+04
1.2763338302e+04
1.2784193430e+04
1.2805048558e+04
1.2825903686e+04
1.2846758814e+04
1.2867613942e+04
1.2888469070e+04
1.2909324198e+04
1.2930179326e+04
1.2951034453e+04
1.2971889581e+04
1.2992744709e+04
1.3013599837e+04
1.3034454965e+04
1.3055310093e+04
1.3076165221e+04
1.3097020349e+04
1.3117875477e+04
1.3138730605e+04
1.3159585733e+04
1.3180440861e+04
1.3201295989e+04
1.3222151117e+04
1.3243006245e+04
1.3263861373e+04
1.3284716501e+04
1.3305571629e+04
1.3326426756e+04
1.3347281884e+04
1.3368137012e+04
1.3388992140e+04
1.3409847268e+04
1.3430702396e+04
1.3451557524e+04
1.3472412652e+04
1.3493267780e+04
1.3514122908e+04
1.3534978036e+04
1.3555833164e+04
1.3576688292e+04
1.3597543420e+04
1.3618398548e+04
1.3639253676e+04
1.3660108804e+04
1.3680963932e+04
1.3701819059e+04
1.3722674187e+04
1.3743529315e+04
1.3764384443e+04
1.3785239571e+04
1.3806094699e+04
1.3826949827e+04
1.3847804955e+04
1.3868660083e+04
1.3889515211e+04
1.3910370339e+04
1.3931225467e+04
1.3952080595e+04
1.3972935723e+04
1.3993790851e+04
1.4014645979e+04
1.4035501107e+04
1.4056356235e+04
1.4077211362e+04
1.4098066490e+04
1.4118921618e+04
1.4139776746e+04
1.4160631874e+04
1.4181487002e+04
1.4202342130e+04
1.4223197258e+04
1.4244052386e+04
1.4264907514e+04
1.4285762642e+04
1.4306617770e+04
1.4327472898e+04
1.4348328026e+04
1.4369183154e+04
1.4390038282e+04
1.4410893410e+04
1.4431748538e+04
1.4452603665e+04
1.4473458793e+04
1.4494313921e+04
1.4515169049e+04
1.4536024177e+04
1.4556879305e+04
1.4577734433e+04
1.4598589561e+04
1.4619444689e+04
1.4640299817e+04
1.4661154945e+04
1.4682010073e+04
1.4702865201e+04
1.4723720329e+04
1.4744575457e+04
1.4765430585e+04
1.4786285713e+04
1.4807140841e+04
1.4827995968e+04
1.4848851096e+04
1.4869706224e+04
1.4890561352e+04
1.4911416480e+04
1.4932271608e+04
1.4953126736e+04
1.4973981864e+04
1.4994836992e+04
1.5015692120e+04
1.5036547248e+04
1.5057402376e+04
1.5078257504e+04
1.5099112632e+04
1.5119967760e+04
1.5140822888e+04
1.5161678016e+04
1.5182533144e+04
1.5203388271e+04
1.5224243399e+04
1.5245098527e+04
1.5265953655e+04
1.5286808783e+04
1.5307663911e+04
1.5328519039e+04
1.5349374167e+04
1.5370229295e+04
1.5391084423e+04
1.5411939551e+04
1.5432794679e+04
1.5453649807e+04
1.5474504935e+04
1.5495360063e+04
1.5516215191e+04
1.5537070319e+04
1.5557925447e+04
1.5578780574e+04
1.5599635702e+04
1.5620490830e+04
1.5641345958e+04
1.5662201086e+04
1.5683056214e+04
1.5703911342e+04
1.5724766470e+04
1.5745621598e+04
1.5766476726e+04
1.5787331854e+04
1.5808186982e+04
1.5829042110e+04
1.5849897238e+04
1.5870752366e+04
1.5891607494e+04
1.5912462622e+04
1.5933317750e+04
1.5954172877e+04
1.5975028005e+04
1.5995883133e+04
1.6016738261e+04
1.6037593389e+04
1.6058448517e+04
1.6079303645e+04
1.6100158773e+04
1.6121013901e+04
1.6141869029e+04
1.6162724157e+04
1.6183579285e+04
1.6204434413e+04
1.6225289541e+04
1.6246144669e+04
1.6266999797e+04
1.6287854925e+04
1.6308710053e+04
1.6329565180e+04
1.6350420308e+04
1.6371275436e+04
1.6392130564e+04
1.6412985692e+04
1.6433840820e+04
1.6454695948e+04
1.6475551076e+04
1.6496406204e+04
1.6517261332e+04
1.6538116460e+04
1.6558971588e+04
1.6579826716e+04
1.6600681844e+04
1.6621536972e+04
1.6642392100e+04
1.6663247228e+04
1.6684102356e+04
1.6704957483e+04
1.6725812611e+04
1.6746667739e+04
1.6767522867e+04
1.6788377995e+04
1.6809233123e+04
1.6830088251e+04
1.6850943379e+04
1.6871798507e+04
1.6892653635e+04
1.6913508763e+04
1.6934363891e+04
1.6955219019e+04
1.6976074147e+04
1.6996929275e+04
1.7017784403e+04
1.7038639531e+04
1.7059494659e+04
1.7080349786e+04
1.7101204914e+04
1.7122060042e+04
1.7142915170e+04
1.7163770298e+04
1.7184625426e+04
1.7205480554e+04
1.7226335682e+04
1.7247190810e+04
1.7268045938e+04
1.7288901066e+04
1.7309756194e+04
1.7330611322e+04
1.7351466450e+04
1.7372321578e+04
1.7393176706e+04
1.7414031834e+04
1.7434886962e+04
1.7455742089e+04
1.7476597217e+04
1.7497452345e+04
1.7518307473e+04
1.7539162601e+04
1.7560017729e+04
1.7580872857e+04
1.7601727985e+04
1.7622583113e+04
1.7643438241e+04
1.7664293369e+04
1.7685148497e+04
1.7706003625e+04
1.7726858753e+04
1.7747713881e+04
1.7768569009e+04
1.7789424137e+04
1.7810279265e+04
1.7831134392e+04
1.7851989520e+04
1.7872844648e+04
1.7893699776e+04
1.7914554904e+04
1.7935410032e+04
1.7956265160e+04
1.7977120288e+04
1.7997975416e+04
1.8018830544e+04
1.8039685672e+04
1.8060540800e+04
1.8081395928e+04
1.8102251056e+04
1.8123106184e+04
1.8143961312e+04
1.8164816440e+04
1.8185671568e+04
1.8206526695e+04
1.8227381823e+04
1.8248236951e+04
1.8269092079e+04
1.8289947207e+04
1.8310802335e+04
1.8331657463e+04
1.8352512591e+04
1.8373367719e+04
1.8394222847e+04
1.8415077975e+04
1.8435933103e+04
1.8456788231e+04
1.8477643359e+04
1.8498498487e+04
1.8519353615e+04
1.8540208743e+04
1.8561063871e+04
1.8581918998e+04
1.8602774126e+04
1.8623629254e+04
1.8644484382e+04
1.8665339510e+04
1.8686194638e+04
1.8707049766e+04
1.8727904894e+04
1.8748760022e+04
1.8769615150e+04
1.8790470278e+04
1.8811325406e+04
1.8832180534e+04
1.8853035662e+04
1.8873890790e+04
1.8894745918e+04
1.8915601046e+04
1.8936456174e+04
1.8957311301e+04
1.8978166429e+04
1.8999021557e+04
1.9019876685e+04
1.9040731813e+04
1.9061586941e+04
1.9082442069e+04
1.9103297197e+04
1.9124152325e+04
1.9145007453e+04
1.9165862581e+04
1.9186717709e+04
1.9207572837e+04
1.9228427965e+04
1.9249283093e+04
1.9270138221e+04
1.9290993349e+04
1.9311848477e+04
1.9332703604e+04
1.9353558732e+04
1.9374413860e+04
1.9395268988e+04
1.9416124116e+04
1.9436979244e+04
1.9457834372e+04
1.9478689500e+04
1.9499544628e+04
1.9520399756e+04
1.9541254884e+04
1.9562110012e+04
1.9582965140e+04
1.9603820268e+04
1.9624675396e+04
1.9645530524e+04
1.9666385652e+04
1.9687240780e+04
1.9708095907e+04
1.9728951035e+04
1.9749806163e+04
1.9770661291e+04
1.9791516419e+04
1.9812371547e+04
1.9833226675e+04
1.9854081803e+04
1.9874936931e+04
1.9895792059e+04
1.9916647187e+04
1.9937502315e+04
1.9958357443e+04
1.9979212571e+04
2.0000067699e+04
2.0020922827e+04
2.0041777955e+04
2.0062633083e+04
2.0083488210e+04
2.0104343338e+04
2.0125198466e+04
2.0146053594e+04
2.0166908722e+04
2.0187763850e+04
2.0208618978e+04
2.0229474106e+04
2.0250329234e+04
2.0271184362e+04
2.0292039490e+04
2.0312894618e+04
2.0333749746e+04
2.0354604874e+04
2.0375460002e+04
2.0396315130e+04
2.0417170258e+04
2.0438025386e+04
2.0458880513e+04
2.0479735641e+04
2.0500590769e+04
2.0521445897e+04
2.0542301025e+04
2.0563156153e+04
2.0584011281e+04
2.0604866409e+04
2.0625721537e+04
2.0646576665e+04
2.0667431793e+04
2.0688286921e+04
2.0709142049e+04
2.0729997177e+04
2.0750852305e+04
2.0771707433e+04
2.0792562561e+04
2.0813417689e+04
2.0834272816e+04
2.0855127944e+04
