-2.5778597191e+03 7.4352655134e+03 -3.1235499458e-03 -8.7919737370e-01 -3.0153838507e-01 7.0600354304e+00
-2.6982226087e+03 7.2913357608e+03 1.2219200393e+03 -5.0309082366e-01 -1.3513286182e+00 6.9727488899e+00
-2.7520188076e+03 6.9675239530e+03 2.4136355331e+03 -1.1474826069e-01 -2.3673088445e+00 6.7131608618e+00
-2.7379601545e+03 6.4719171344e+03 3.5457158284e+03 2.7615642536e-01 -3.3242453855e+00 6.2879384952e+00
-2.6564459222e+03 5.8168592748e+03 4.5902576750e+03 6.5992141244e-01 -4.1984893387e+00 5.7079095667e+00
-2.5095453907e+03 5.0186224389e+03 5.5215780316e+03 1.0270714438e+00 -4.9685785118e+00 4.9877320207e+00
-2.3009373676e+03 4.0969802907e+03 6.3168436709e+03 1.3685974516e+00 -5.6157571535e+00 4.1454651477e+00
-2.0358099012e+03 3.0746993018e+03 6.9566194325e+03 1.6761741695e+00 -6.1244024256e+00 3.2020662187e+00
-1.7207244393e+03 1.9769642621e+03 7.4253242677e+03 1.9423512632e+00 -6.4823542015e+00 2.1808362814e+00
-1.3634492319e+03 8.3075470990e+02 7.7115881117e+03 2.1607160742e+00 -6.6811509744e+00 1.1068358199e+00
-9.7276691837e+02 -3.3581195500e+02 7.8085057933e+03 2.3260280842e+00 -6.7161784977e+00 6.2860864189e-03
-5.5826110859e+02 -1.4941562001e+03 7.7137864571e+03 2.4343263510e+00 -6.5867388810e+00 -1.0940335503e+00
-1.3008652416e+02 -2.6159176919e+03 7.4297983329e+03 2.4830113348e+00 -6.2960464736e+00 -2.1673865848e+00
3.0127292788e+02 -3.6736298309e+03 6.9635093962e+03 2.4709018523e+00 -5.8511537592e+00 -3.1876758573e+00
7.2525379854e+02 -4.6413753226e+03 6.3263248901e+03 2.3982666668e+00 -5.2628068004e+00 -4.1300330768e+00
1.1314659010e+03 -5.4954102475e+03 5.5338232716e+03 2.2668288779e+00 -4.5452267181e+00 -4.9713968283e+00
1.5099433027e+03 -6.2147433455e+03 4.6053932711e+03 2.0797402488e+00 -3.7158123471e+00 -5.6910705265e+00
1.8513879994e+03 -6.7816564419e+03 3.5637766611e+03 1.8415222916e+00 -2.7947602135e+00 -6.2712469636e+00
2.1474002519e+03 -7.1821515559e+03 2.4345240479e+03 1.5579715205e+00 -1.8046014642e+00 -6.6974816904e+00
2.3906892428e+03 -7.4063106309e+03 1.2453743502e+03 1.2360278088e+00 -7.6966089080e-01 -6.9590947027e+00
2.5752577145e+03 -7.4485552917e+03 2.5572248851e+01 8.8360704360e-01 2.8455017729e-01 -7.0494796620e+00
2.6965546864e+03 -7.3077966553e+03 -1.1948587033e+03 5.0940191276e-01 1.3319887947e+00 -6.9663025780e+00
2.7515912377e+03 -6.9874688772e+03 -2.3858669253e+03 1.2265722261e-01 2.3467595901e+00 -6.7115773111e+00
2.7390156426e+03 -6.4954444885e+03 -3.5181256470e+03 -2.6707182064e-01 3.3037917702e+00 -6.2916126681e+00
2.6591457159e+03 -5.8438342133e+03 -4.5637655822e+03 -6.5016878147e-01 4.1794874588e+00 -5.7168340914e+00
2.5139579171e+03 -5.0486783399e+03 -5.4970664768e+03 -1.0172029554e+00 4.9523177534e+00 -5.0014906504e+00
2.3070343639e+03 -4.1295404074e+03 -6.2950889681e+03 -1.3591654261e+00 5.6033480738e+00 -4.1632640067e+00
2.0434702774e+03 -3.1090166165e+03 -6.9382314213e+03 -1.6676873149e+00 6.1166808853e+00 -3.2227993947e+00
1.7297453895e+03 -2.0121758799e+03 -7.4106999634e+03 -1.9352355386e+00 6.4798104794e+00 -2.2031791092e+00
1.3735634688e+03 -8.6594585529e+02 -7.7008833506e+03 -2.1552835924e+00 6.6838899761e+00 -1.1293568485e+00
9.8366439382e+02 3.0154004908e+02 -7.8016271769e+03 -2.3224566175e+00 6.7239141742e+00 -2.7567329224e-02
5.6961323523e+02 1.4616204634e+03 -7.7104040541e+03 -2.4326509961e+00 6.5988229002e+00 1.0752789118e+00
1.4157074397e+02 2.5857951415e+03 -7.4293777759e+03 -2.4831288176e+00 6.3115282631e+00 2.1522094347e+00
-2.8995037030e+02 3.6464122152e+03 -6.9653603304e+03 -2.4725868765e+00 5.8688664148e+00 3.1768085004e+00
-7.1433883207e+02 4.6173403197e+03 -6.3296613140e+03 -2.4011986880e+00 5.2814711512e+00 4.1238360199e+00
-1.1211429559e+03 5.4746115951e+03 -5.5378302487e+03 -2.2706267670e+00 4.5635641774e+00 4.9698398145e+00
-1.5003280966e+03 6.1970205797e+03 -4.6092938884e+03 -2.0840015647e+00 3.7326562083e+00 5.6937496755e+00
-1.8425272770e+03 6.7666631147e+03 -3.5668930399e+03 -1.8458633842e+00 2.8091549311e+00 6.2774365592e+00
-2.1392783010e+03 7.1693990336e+03 -2.4363267272e+03 -1.5620645161e+00 1.8158803273e+00 6.7062157698e+00
-2.3832403288e+03 7.3952230327e+03 -1.2455154593e+03 -1.2396307546e+00 7.7749440309e-01 6.9692704883e+00
-2.5683829663e+03 7.4385299925e+03 -2.3899490781e+01 -8.8658412759e-01 -2.8014005614e-01 7.0599724432e+00
-2.6901415025e+03 7.2982642050e+03 1.1983082748e+03 -5.1173169263e-01 -1.3306498717e+00 6.9760802678e+00
-2.7455330217e+03 6.9779462745e+03 2.3908922459e+03 -1.2442808382e-01 -2.3478636669e+00 6.7198028343e+00
-2.7332296598e+03 6.4855764994e+03 3.5244030101e+03 2.6567835744e-01 -3.3065158580e+00 6.2977236468e+00
-2.6535870962e+03 5.8334187578e+03 4.5709012977e+03 6.4890495669e-01 -4.1829131047e+00 5.7205918308e+00
-2.5086282740e+03 5.0376737236e+03 5.5046549731e+03 1.0157888427e+00 -4.9555378147e+00 5.0029938459e+00
-2.3019841097e+03 4.1180541173e+03 6.3027700448e+03 1.3573264465e+00 -5.6055697414e+00 4.1629264208e+00
-2.0387943989e+03 3.0972773203e+03 6.9457405888e+03 1.6651911914e+00 -6.1173144695e+00 3.2212944940e+00
-1.7255731402e+03 2.0004919400e+03 7.4179066533e+03 1.9319248535e+00 -6.4785352318e+00 2.2013578863e+00
-1.3700430530e+03 8.5465495131e+02 7.7078131098e+03 2.1511006440e+00 -6.6806907424e+00 1.1281474791e+00
-9.8094421486e+02 -3.1212480196e+02 7.8084656084e+03 2.3174580828e+00 -6.7190856159e+00 2.7866803374e-02
-5.6782161663e+02 -1.4712622428e+03 7.7174820742e+03 2.4270108942e+00 -6.5929410987e+00 -1.0727105225e+00
-1.4079619403e+02 -2.5943775746e+03 7.4371395580e+03 2.4771293433e+00 -6.3053924863e+00 -2.1468417794e+00
2.8967630237e+02 -3.6539712609e+03 6.9743169706e+03 2.4665977645e+00 -5.8634165149e+00 -3.1684117053e+00
7.1305426178e+02 -4.6240803019e+03 6.3403346588e+03 2.3956468170e+00 -5.2776883262e+00 -4.1125221842e+00
1.1189624537e+03 -5.4809032803e+03 5.5506923646e+03 2.2659586533e+00 -4.5623645283e+00 -4.9560705690e+00
1.4974426035e+03 -6.2033809016e+03 4.6247082233e+03 2.0806421566e+00 -3.7347874881e+00 -5.6783081927e+00
1.8391968184e+03 -6.7737179617e+03 3.5850633461e+03 1.8441750630e+00 -2.8151069464e+00 -6.2613657999e+00
2.1358178677e+03 -7.1778322742e+03 2.4572592379e+03 1.5623103581e+00 -1.8258184876e+00 -6.6907282117e+00
2.3799999859e+03 -7.4057164706e+03 1.2689986426e+03 1.2419458361e+00 -7.9122388101e-01 -6.9556377133e+00
2.5657238686e+03 -7.4517000255e+03 4.9504029150e+01 8.9095795669e-01 2.6317506599e-01 -7.0494053637e+00
2.6884099491e+03 -7.3146014639e+03 -1.1712086529e+03 5.1800376441e-01 1.3113309387e+00 -6.9696120636e+00
2.7450349289e+03 -6.9977643420e+03 -2.3630806014e+03 1.3229720245e-01 2.3273299553e+00 -6.7181866007e+00
2.7342078158e+03 -6.5089749622e+03 -3.4967632283e+03 -2.5663179873e-01 3.2860695768e+00 -6.3013552841e+00
2.6562032952e+03 -5.8602644174e+03 -4.5443514901e+03 -6.3918590677e-01 4.1639079603e+00 -5.7294660029e+00
2.5129519401e+03 -5.0676019592e+03 -5.4800764783e+03 -1.0059469928e+00 4.9392615404e+00 -5.0166972812e+00
2.3079883750e+03 -4.1504903897e+03 -6.2809386487e+03 -1.3479120484e+00 5.5931321760e+00 -4.1806689115e+00
2.0463598779e+03 -3.1314768528e+03 -6.9272662776e+03 -1.6567114761e+00 6.1095518020e+00 -3.2419741748e+00
1.7344989265e+03 -2.0355939277e+03 -7.4031872992e+03 -1.9248050274e+00 6.4759391365e+00 -2.2236541703e+00
1.3800638208e+03 -8.8974637803e+02 -7.6970060902e+03 -2.1456528625e+00 6.6833685154e+00 -1.1506326682e+00
9.9175180026e+02 2.7794143393e+02 -7.8014796646e+03 -2.3138609597e+00 6.7267544344e+00 -4.9126003829e-02
5.7908910561e+02 1.4388032095e+03 -7.7139898735e+03 -2.4253011037e+00 6.6049564581e+00 1.0539619816e+00
1.5220237305e+02 2.5643199351e+03 -7.4366096079e+03 -2.4772057985e+00 6.3208079484e+00 2.1316537911e+00
-2.7842426433e+02 3.6268075266e+03 -6.9760618555e+03 -2.4682377876e+00 5.8810692855e+00 3.1575168558e+00
-7.0220184626e+02 4.6000896024e+03 -6.3435711573e+03 -2.3985326955e+00 5.2963029787e+00 4.1062825388e+00
-1.1086941379e+03 5.4601414024e+03 -5.5546079468e+03 -2.2697120668e+00 4.5806655352e+00 4.9544585951e+00
-1.4878746216e+03 6.1856898848e+03 -4.6285278231e+03 -2.0848632140e+00 3.7516102510e+00 5.6809236763e+00
-1.8303768384e+03 6.7587541329e+03 -3.5881102336e+03 -1.8484821962e+00 2.8294968935e+00 6.2674873170e+00
-2.1277314104e+03 7.1651098393e+03 -2.4590043253e+03 -1.5663771438e+00 1.8371086695e+00 6.6993943379e+00
-2.3725827396e+03 7.3946622425e+03 -1.2690936492e+03 -1.2455310403e+00 7.9908338824e-01 6.9657500519e+00
-2.5588784434e+03 7.4417137336e+03 -4.7795526353e+01 -8.9392572833e-01 -2.5872671217e-01 7.0598430428e+00
-2.6820251548e+03 7.3051155142e+03 1.1746853394e+03 -5.2033191308e-01 -1.3099447634e+00 6.9793459678e+00
-2.7390053954e+03 6.9882969825e+03 2.3681265579e+03 -1.3407277451e-01 -2.3283814448e+00 6.7263815275e+00
-2.7284517621e+03 6.4991715507e+03 3.5030571181e+03 2.5522904029e-01 -3.2887395475e+00 6.3074495112e+00
-2.6506764770e+03 5.8499228191e+03 4.5515019980e+03 6.3791017132e-01 -4.1672815428e+00 5.7332202775e+00
-2.5076562520e+03 5.0566798445e+03 5.4876802115e+03 1.0045203144e+00 -4.9424346482e+00 5.0182086458e+00
-2.3029741860e+03 4.1390941447e+03 6.2886372168e+03 1.3460615904e+00 -5.5953142883e+00 4.1803485973e+00
-2.0417218616e+03 3.1198337270e+03 6.9347965062e+03 1.6542063059e+00 -6.1101545915e+00 3.2404925299e+00
-1.7303658346e+03 2.0240107153e+03 7.4104193671e+03 1.9214885412e+00 -6.4746422270e+00 2.2218588153e+00
-1.3765832666e+03 8.7855921007e+02 7.7039657100e+03 2.1414675662e+00 -6.6801561643e+00 1.1494485017e+00
-9.8907161386e+02 -2.8842081405e+02 7.8083520685e+03 2.3088631212e+00 -6.7219198747e+00 4.9447163738e-02
-5.7733715794e+02 -1.4483390451e+03 7.7211051696e+03 2.4196637696e+00 -6.5990737013e+00 -1.0513775665e+00
-1.5146692943e+02 -2.5727965227e+03 7.4444108656e+03 2.4712097413e+00 -6.3146738107e+00 -2.1262769919e+00
2.7811162342e+02 -3.6342610569e+03 6.9850589419e+03 2.4622510340e+00 -5.8756210829e+00 -3.1491179822e+00
7.0087889759e+02 -4.6067242041e+03 6.3542847483e+03 2.3929803296e+00 -5.2925195953e+00 -4.0949728256e+00
1.1064748086e+03 -5.4663272831e+03 5.5675091718e+03 2.2650389378e+00 -4.5794612654e+00 -4.9406978643e+00
1.4849489452e+03 -6.1919431647e+03 4.6439795753e+03 2.0814929393e+00 -3.7537317797e+00 -5.6654925554e+00
1.8270037427e+03 -6.7656997750e+03 3.6063161972e+03 1.8467763419e+00 -2.8354338483e+00 -6.2514257815e+00
2.1242247006e+03 -7.1734308371e+03 2.4799712001e+03 1.5665986165e+00 -1.8470272198e+00 -6.6839117886e+00
2.3692913269e+03 -7.4050397353e+03 1.2926108882e+03 1.2478154576e+00 -8.1279034628e-01 -6.9521152680e+00
2.5561624845e+03 -7.4547638073e+03 7.3435237315e+01 8.9826384172e-01 2.4178479324e-01 -7.0492647486e+00
